Code  Name            Quantity     Price
-1                             0    0.00
-1                             0    0.00
-1                             0    0.00
-1                             0    0.00
4     patate                   6    1.00
5     piselli                  7    1.50
-1                             0    0.00
-1                             0    0.00
-1                             0    0.00
-1                             0    0.00
-1                             0    0.00
-1                             0    0.00
-1                             0    0.00
-1                             0    0.00
-1                             0    0.00
-1                             0    0.00
-1                             0    0.00
-1                             0    0.00
-1                             0    0.00
-1                             0    0.00
-1                             0    0.00
-1                             0    0.00
-1                             0    0.00
-1                             0    0.00
-1                             0    0.00
-1                             0    0.00
-1                             0    0.00
-1                             0    0.00
-1                             0    0.00
-1                             0    0.00
-1                             0    0.00
-1                             0    0.00
-1                             0    0.00
-1                             0    0.00
-1                             0    0.00
-1                             0    0.00
-1                             0    0.00
-1                             0    0.00
-1                             0    0.00
-1                             0    0.00
-1                             0    0.00
-1                             0    0.00
-1                             0    0.00
-1                             0    0.00
-1                             0    0.00
-1                             0    0.00
-1                             0    0.00
-1                             0    0.00
-1                             0    0.00
-1                             0    0.00
-1                             0    0.00
-1                             0    0.00
-1                             0    0.00
-1                             0    0.00
-1                             0    0.00
-1                             0    0.00
-1                             0    0.00
-1                             0    0.00
-1                             0    0.00
-1                             0    0.00
-1                             0    0.00
-1                             0    0.00
-1                             0    0.00
-1                             0    0.00
-1                             0    0.00
-1                             0    0.00
-1                             0    0.00
-1                             0    0.00
-1                             0    0.00
-1                             0    0.00
-1                             0    0.00
-1                             0    0.00
-1                             0    0.00
-1                             0    0.00
-1                             0    0.00
-1                             0    0.00
-1                             0    0.00
-1                             0    0.00
-1                             0    0.00
-1                             0    0.00
-1                             0    0.00
-1                             0    0.00
-1                             0    0.00
-1                             0    0.00
-1                             0    0.00
-1                             0    0.00
-1                             0    0.00
-1                             0    0.00
-1                             0    0.00
-1                             0    0.00
-1                             0    0.00
-1                             0    0.00
-1                             0    0.00
-1                             0    0.00
-1                             0    0.00
-1                             0    0.00
-1                             0    0.00
-1                             0    0.00
-1                             0    0.00
-1                             0    0.00
-1                             0    0.00
