Account   Last Name       First Name         Balance
0                                                  0
0                                                  0
0                                                  0
0                                                  0
0                                                  0
0                                                  0
0                                                  0
0                                                  0
0                                                  0
817       Della           Mamma                   42
0                                                  0
0                                                  0
0                                                  0
0                                                  0
7616      Conte           Marcello               918
0                                                  0
0                                                  0
0                                                  0
0                                                  0
0                                                  0
0                                                  0
0                                                  0
0                                                  0
0                                                  0
0                                                  0
0                                                  0
0                                                  0
0                                                  0
0                                                  0
0                                                  0
0                                                  0
0                                                  0
0                                                  0
0                                                  0
0                                                  0
0                                                  0
0                                                  0
0                                                  0
0                                                  0
0                                                  0
0                                                  0
0                                                  0
0                                                  0
0                                                  0
0                                                  0
0                                                  0
0                                                  0
0                                                  0
0                                                  0
0                                                  0
0                                                  0
0                                                  0
0                                                  0
0                                                  0
0                                                  0
0                                                  0
0                                                  0
0                                                  0
0                                                  0
0                                                  0
0                                                  0
0                                                  0
0                                                  0
0                                                  0
0                                                  0
0                                                  0
0                                                  0
0                                                  0
0                                                  0
0                                                  0
0                                                  0
0                                                  0
0                                                  0
0                                                  0
0                                                  0
0                                                  0
0                                                  0
0                                                  0
0                                                  0
0                                                  0
0                                                  0
0                                                  0
0                                                  0
0                                                  0
0                                                  0
0                                                  0
7162      Ercolanese      Luciana                 81
0                                                  0
0                                                  0
0                                                  0
0                                                  0
0                                                  0
0                                                  0
0                                                  0
0                                                  0
0                                                  0
0                                                  0
0                                                  0
0                                                  0
0                                                  0
